HI_0-5k,HI_5-10k,HI_10-15k,HI_15-20k,HI_20-25k,HI_25-35k,HI_35-50k,HI_50-75k,HI_75-100k,HI_100-150k,HI_150k_plus,zip
28.7,16.9,13.2,9.2,5.1,9.5,8.5,6.0,1.0,1.3,0.7,601
15.9,16.3,16.7,10.5,7.5,11.3,10.2,7.1,2.8,1.5,0.2,602
19.0,13.4,13.9,8.7,7.5,12.8,10.5,8.8,2.4,1.8,1.1,603
26.9,19.4,11.2,10.7,7.0,12.8,9.7,2.3,0.0,0.0,0.0,606
14.3,13.1,15.2,12.2,9.9,15.0,10.5,6.8,1.8,0.9,0.4,610
20.3,14.0,10.7,11.2,8.2,11.5,10.4,8.9,3.0,0.9,0.9,612
22.6,10.8,18.2,9.2,6.9,12.7,10.4,3.9,2.6,2.4,0.3,616
18.6,18.5,11.5,10.6,8.9,13.9,6.7,7.4,2.7,1.3,0.0,617
16.8,14.0,15.5,8.4,7.8,14.4,9.4,6.3,3.0,0.9,3.5,622
17.7,14.7,12.6,11.1,9.1,10.4,9.7,9.3,2.6,2.2,0.5,623
15.3,16.1,14.7,10.9,8.5,14.8,10.7,6.4,1.5,1.0,0.1,624
15.1,13.0,14.6,13.2,9.4,11.8,10.7,8.2,2.3,1.2,0.7,627
36.4,22.1,13.4,7.1,3.1,5.9,4.9,7.1,0.0,0.0,0.0,631
19.1,16.3,14.9,9.4,8.1,10.0,10.3,8.8,2.1,0.9,0.1,637
23.6,17.6,14.6,11.3,6.4,9.9,8.6,6.5,1.2,0.5,0.0,638
20.9,12.1,13.8,11.0,8.3,13.3,10.8,7.1,1.9,0.8,0.1,641
14.0,7.5,8.1,10.9,6.4,10.8,13.8,14.2,4.1,6.6,3.4,646
15.6,19.5,22.1,15.7,6.7,9.1,4.4,5.1,1.7,0.2,0.0,647
19.7,12.6,16.2,9.8,12.5,10.2,11.6,6.5,1.0,0.0,0.0,650
9.2,17.8,14.2,10.1,14.6,11.0,7.5,7.8,2.3,5.6,0.0,652
27.0,13.6,16.5,13.0,6.3,7.6,10.2,3.5,0.9,0.7,0.7,653
15.0,19.4,16.1,12.3,8.8,10.9,8.6,6.4,0.8,1.7,0.1,656
13.6,13.6,15.7,10.7,7.8,13.2,10.3,8.3,3.6,2.9,0.1,659
10.0,17.4,11.4,9.8,10.6,14.7,12.3,9.8,2.5,1.3,0.1,660
17.6,16.5,12.3,11.2,8.7,11.7,11.6,6.8,2.0,1.2,0.3,662
19.7,13.0,15.7,8.7,12.4,14.2,7.6,6.0,1.6,1.1,0.0,664
22.8,17.3,15.9,11.3,8.1,8.4,9.6,4.2,1.4,0.7,0.4,667
25.1,16.5,15.3,7.8,6.9,10.5,9.9,5.3,1.4,0.8,0.4,669
28.6,14.5,10.9,7.4,10.0,11.3,10.6,4.8,1.0,0.8,0.0,670
18.0,13.8,12.0,8.7,9.3,11.8,11.6,7.9,3.7,2.5,0.5,674
19.1,17.9,15.3,10.4,7.1,9.9,10.8,7.0,1.3,0.9,0.2,676
15.0,14.7,11.2,13.9,9.8,13.6,11.9,7.4,1.0,0.7,0.8,677
16.5,17.3,15.7,13.2,9.8,9.3,9.5,6.2,1.1,0.9,0.5,678
23.9,13.8,13.4,10.1,8.2,11.9,9.2,5.8,1.7,1.1,0.9,680
28.5,11.5,8.5,9.5,7.0,11.4,8.7,7.3,2.9,2.6,2.2,682
18.4,15.9,15.3,8.9,8.7,11.9,9.3,6.9,1.8,1.8,1.0,683
24.0,14.5,14.2,11.4,8.5,10.9,8.3,5.7,1.6,0.5,0.3,685
18.1,13.4,11.5,12.4,10.5,13.3,11.3,5.8,2.7,0.6,0.5,687
18.0,16.9,15.9,10.4,8.3,12.9,9.5,6.7,0.7,0.5,0.2,688
12.6,11.7,14.1,9.4,15.6,8.4,11.4,10.8,3.8,2.2,0.0,690
17.3,10.4,13.7,11.5,7.7,12.4,11.5,7.5,4.5,1.7,1.7,692
19.8,13.2,11.8,10.8,6.9,10.5,10.0,11.5,3.1,1.7,0.6,693
0.0,35.9,64.1,0.0,0.0,0.0,0.0,0.0,0.0,0.0,0.0,694
21.3,16.7,12.6,10.3,7.1,10.8,10.3,6.8,2.7,0.9,0.6,698
19.0,16.0,14.4,10.2,9.1,12.1,9.3,6.3,1.4,1.6,0.6,703
19.5,16.2,15.9,7.9,10.9,12.0,6.3,9.3,2.1,0.0,0.0,704
13.2,16.3,13.7,11.1,8.3,14.4,9.9,10.4,1.6,1.1,0.0,705
14.5,15.7,13.3,8.4,13.5,17.0,8.7,7.5,0.4,0.5,0.5,707
16.4,17.4,13.3,11.9,9.0,15.2,9.8,6.1,0.2,0.3,0.4,714
19.2,19.2,23.6,13.6,4.1,7.9,4.1,5.8,2.6,0.0,0.0,715
21.8,13.2,9.2,8.0,8.6,12.4,9.1,7.6,4.2,3.1,2.8,716
29.2,16.2,11.9,7.7,5.3,10.8,8.0,7.0,2.1,0.8,0.8,717
16.3,10.9,11.1,15.4,9.8,13.6,10.8,9.6,1.4,0.4,0.6,718
13.4,13.5,13.0,11.3,9.0,15.1,11.2,8.6,2.8,1.1,0.8,719
21.4,14.1,14.9,11.9,8.9,12.5,10.4,4.8,0.2,0.6,0.2,720
20.8,17.2,16.3,11.6,5.5,11.4,8.5,6.6,0.9,0.3,0.8,723
15.6,11.7,11.6,11.0,8.2,11.3,10.6,10.6,5.9,2.4,1.1,725
7.9,9.4,8.6,7.7,7.8,15.5,14.2,13.3,6.2,5.7,3.6,727
15.5,12.3,13.2,13.5,8.0,11.7,11.9,9.4,3.0,1.0,0.4,728
14.4,11.6,11.4,11.2,7.8,12.1,15.7,9.4,3.1,2.1,1.1,729
22.6,15.4,11.9,9.7,7.9,10.5,9.5,6.2,3.2,1.6,1.5,730
22.5,12.4,12.4,10.6,5.9,15.4,12.3,4.7,1.3,1.2,1.4,731
11.4,12.7,12.5,12.9,9.0,14.3,16.1,6.0,2.0,2.8,0.4,735
11.1,14.2,12.9,10.7,9.2,12.3,12.4,8.7,4.0,3.4,1.2,736
16.0,10.7,10.4,13.2,8.0,15.4,11.8,9.2,3.5,1.4,0.3,738
12.7,10.5,12.1,11.7,9.0,11.9,11.8,11.3,4.3,3.2,1.5,739
20.6,19.9,11.8,11.0,12.7,10.1,7.1,4.1,2.7,0.0,0.0,740
8.8,11.3,12.5,16.8,8.2,16.9,16.2,5.8,1.7,0.6,1.1,741
11.0,10.7,10.6,11.9,8.3,14.5,15.1,12.2,3.5,1.6,0.7,745
18.2,16.2,12.7,11.5,9.3,10.8,12.0,5.8,3.4,0.1,0.0,751
16.3,13.4,15.5,10.4,8.5,11.3,10.9,8.4,3.2,1.5,0.7,754
21.8,11.8,15.8,9.4,8.0,8.3,9.1,9.7,4.2,1.5,0.4,757
8.0,15.1,15.4,15.6,6.5,16.7,16.0,5.1,1.7,0.0,0.0,765
14.0,14.4,11.9,12.6,7.6,15.8,12.5,7.3,2.7,1.0,0.1,766
18.9,13.1,15.1,9.0,9.5,13.9,11.0,6.9,1.4,0.9,0.3,767
17.5,14.1,11.1,10.1,9.0,11.6,12.7,8.8,2.6,1.3,1.1,769
19.1,12.3,10.1,8.5,9.8,12.9,14.3,7.8,2.9,1.3,1.0,771
23.8,12.0,12.8,10.3,8.3,11.2,12.6,6.3,1.9,0.7,0.1,772
14.0,14.8,11.6,10.3,10.2,10.0,12.3,10.1,4.2,1.8,0.8,773
11.0,15.0,11.6,12.0,12.2,15.6,12.6,5.0,4.8,0.0,0.0,775
15.0,13.3,11.2,12.2,9.4,13.5,11.9,10.0,1.8,1.0,0.7,777
10.1,9.3,9.0,7.4,5.7,12.8,12.8,14.0,9.3,5.3,4.3,778
16.9,13.4,8.4,8.1,11.7,14.4,6.4,9.2,2.2,5.2,4.0,780
27.1,15.1,14.1,11.6,8.3,9.6,7.0,5.4,1.0,0.6,0.4,782
22.5,14.4,14.6,9.4,8.0,11.5,8.8,7.5,1.2,1.1,1.0,783
20.0,13.7,15.2,12.2,6.3,10.8,10.8,7.6,1.4,1.8,0.3,784
0.0,0.0,19.7,34.2,13.7,0.0,8.5,23.9,0.0,0.0,0.0,786
14.5,10.0,12.4,15.0,7.9,14.5,9.6,9.4,3.1,1.9,1.6,791
21.5,16.6,12.4,12.1,5.9,11.0,10.8,6.8,1.3,1.2,0.2,794
13.5,11.4,12.7,11.4,10.9,12.6,11.8,10.5,2.6,2.0,0.6,795
22.5,12.3,12.4,7.1,5.8,6.6,7.2,5.8,5.9,5.4,9.0,901
9.1,0.0,0.0,0.0,0.0,20.0,23.6,0.0,0.0,36.4,10.9,906
8.3,6.3,9.3,9.3,8.1,11.7,12.9,11.9,6.2,7.2,8.9,907
23.7,10.2,12.3,11.9,5.4,12.7,6.5,9.2,4.3,3.1,0.9,909
9.5,10.8,10.6,7.5,6.3,12.6,10.7,13.4,6.4,8.0,4.3,911
13.9,11.3,10.0,13.8,5.0,11.8,13.5,10.2,5.3,2.8,2.3,912
44.8,13.0,9.4,8.7,5.5,3.5,2.7,6.4,2.5,2.9,0.4,913
24.7,16.6,12.2,14.1,8.4,9.9,8.4,3.6,1.2,0.5,0.4,915
23.6,16.2,12.6,10.5,5.4,11.6,9.1,5.3,2.4,2.4,1.0,917
21.7,11.2,9.5,6.7,4.6,7.8,12.6,11.2,4.2,6.0,4.5,918
8.6,10.9,11.2,10.6,7.3,17.7,16.6,9.9,3.1,2.2,1.8,920
22.1,10.5,10.7,10.5,7.4,11.0,11.8,9.9,3.2,2.0,0.9,921
27.7,12.7,10.4,11.2,7.6,11.0,8.9,5.4,3.2,1.4,0.6,923
22.2,12.6,9.1,8.8,5.8,12.6,11.2,10.3,3.6,2.3,1.3,924
32.7,16.7,12.5,7.1,4.8,7.8,8.7,6.5,0.7,2.2,0.3,925
10.7,8.0,7.4,7.4,7.3,11.0,12.1,13.6,9.5,7.0,6.1,926
8.0,8.5,9.7,7.2,7.0,13.0,13.3,13.9,5.5,6.2,7.7,927
0.0,0.0,0.0,0.0,0.0,0.0,0.0,74.5,0.0,25.5,0.0,934
-,-,-,-,-,-,-,-,-,-,-,936
11.9,10.3,8.7,9.9,8.8,12.9,15.7,12.9,4.9,3.3,0.8,949
-,-,-,-,-,-,-,-,-,-,-,950
0.0,0.0,100.0,0.0,0.0,0.0,0.0,0.0,0.0,0.0,0.0,951
16.0,18.6,11.2,12.1,6.9,11.9,13.3,5.9,2.8,0.8,0.4,952
10.0,8.1,9.0,8.0,6.9,13.9,12.5,15.4,8.4,6.0,1.8,953
11.7,11.5,12.2,10.2,9.2,13.6,15.8,10.5,3.3,1.6,0.5,956
11.5,9.7,10.4,11.5,9.0,12.0,15.5,12.0,4.1,3.5,0.8,957
11.7,10.4,8.4,8.2,7.2,11.4,16.1,14.3,7.9,3.0,1.2,959
-,-,-,-,-,-,-,-,-,-,-,960
12.7,9.4,7.7,8.0,8.1,11.7,11.9,15.8,6.2,5.9,2.5,961
25.2,11.9,11.1,9.7,6.9,11.4,11.9,7.4,1.7,1.8,1.0,962
17.9,14.1,17.2,13.5,7.3,11.7,11.8,4.9,1.1,0.0,0.3,965
8.1,4.5,6.2,5.2,3.6,10.9,11.2,13.1,10.0,12.0,15.2,966
4.4,5.0,5.4,6.5,9.4,12.5,9.6,16.4,7.3,7.1,16.5,968
7.2,6.0,5.4,4.3,4.0,9.8,11.2,16.9,10.3,13.1,11.8,969
9.2,12.7,13.2,13.4,7.3,13.8,10.2,10.0,3.6,4.3,2.3,971
9.8,7.8,9.6,7.4,7.2,14.3,15.1,14.2,6.5,4.7,3.3,976
4.5,4.4,7.0,11.4,10.0,12.4,14.4,17.3,7.2,6.3,5.0,979
11.6,9.0,9.4,9.8,10.0,14.7,18.2,11.1,3.8,1.9,0.6,982
9.3,10.6,8.9,9.2,8.4,14.9,17.5,13.5,4.1,2.2,1.4,983
8.9,10.4,9.0,12.8,10.9,14.2,13.0,13.2,4.4,2.8,0.4,985
7.5,7.9,8.1,8.3,7.6,15.0,16.4,16.0,7.2,4.3,1.7,987
1.4,4.6,5.2,5.1,6.1,7.8,12.3,18.4,13.8,17.7,7.7,1001
7.4,5.6,6.3,5.7,4.2,10.8,10.8,11.5,10.8,12.6,14.4,1002
57.7,0.0,26.9,0.0,0.0,0.0,0.0,15.4,0.0,0.0,0.0,1003
0.8,3.1,1.7,3.6,4.0,7.4,14.0,18.3,14.6,16.8,15.8,1005
0.6,4.5,4.2,3.8,0.9,9.8,8.7,14.3,15.2,24.0,14.0,1007
0.0,0.6,1.7,2.5,2.6,11.1,11.9,29.8,12.6,20.0,7.2,1008
0.0,0.0,0.0,0.0,42.5,0.0,6.6,16.0,18.9,16.0,0.0,1009
0.0,3.8,4.1,3.5,5.1,6.3,11.4,13.5,15.2,15.7,21.5,1010
2.9,1.4,2.4,2.7,2.9,10.1,8.7,19.0,24.8,17.6,7.4,1011
1.6,5.3,2.5,3.7,7.0,6.2,16.9,21.8,14.0,7.0,14.0,1012
3.2,5.3,7.8,7.1,6.9,14.0,14.4,17.3,12.0,9.1,2.8,1013
1.7,3.1,7.1,5.8,4.1,8.4,13.9,17.7,16.1,16.2,5.8,1020
2.2,2.0,3.7,1.0,11.7,15.2,24.5,15.9,11.6,11.5,0.7,1022
0.0,3.5,2.0,5.9,6.2,13.6,16.9,21.5,13.6,10.3,6.4,1026
1.4,1.8,7.3,3.6,3.9,10.8,12.1,19.9,15.7,15.9,7.5,1027
0.9,1.6,2.9,3.8,7.2,5.8,8.3,13.7,15.3,20.2,20.3,1028
4.9,0.0,6.5,4.3,5.5,9.2,13.8,13.2,20.3,11.1,11.1,1029
1.6,2.3,4.0,5.5,6.6,7.1,9.3,19.5,10.6,17.3,16.3,1030
4.5,7.9,10.5,8.3,6.2,8.6,14.6,14.8,8.6,6.2,9.8,1031
0.0,0.0,4.4,2.2,4.8,10.6,9.5,20.5,15.8,25.6,6.6,1032
0.4,3.3,1.9,3.2,5.4,9.1,8.8,9.0,18.0,24.1,16.9,1033
2.7,1.2,2.9,2.0,1.2,6.5,10.2,17.7,20.8,22.7,12.2,1034
1.4,4.6,2.5,3.5,4.7,7.9,13.0,21.6,10.2,18.7,12.0,1035
2.1,0.0,2.8,4.3,2.0,4.9,8.7,22.9,17.6,14.1,20.6,1036
0.0,0.0,2.0,0.0,2.4,19.8,0.0,23.0,18.3,20.2,14.3,1037
1.8,1.6,2.8,2.9,1.3,13.6,8.0,23.9,18.7,16.3,9.0,1038
0.0,3.8,5.1,2.2,6.9,10.1,9.1,13.2,22.1,11.3,16.1,1039
3.9,8.8,12.0,7.0,5.0,10.4,11.2,15.1,10.5,10.8,5.4,1040
2.5,3.8,3.9,1.8,2.8,5.0,13.9,16.3,26.1,18.7,5.2,1050
2.9,2.0,1.6,0.0,7.9,19.0,7.9,19.4,15.1,13.8,10.4,1053
1.2,1.2,1.9,0.4,4.2,9.9,8.2,16.6,14.2,18.4,23.9,1054
1.8,1.0,3.0,5.0,4.3,11.3,11.2,19.3,12.0,20.7,10.5,1056
1.0,1.1,2.4,4.3,5.5,6.2,11.0,18.6,18.9,19.8,11.0,1057
3.3,4.5,9.1,4.7,4.7,8.8,9.8,17.4,13.8,11.9,11.9,1060
2.4,5.8,4.4,1.8,3.5,7.8,9.8,15.0,12.6,22.2,14.7,1062
-,-,-,-,-,-,-,-,-,-,-,1063
0.0,0.0,0.0,0.0,0.0,0.0,100.0,0.0,0.0,0.0,0.0,1066
0.5,0.0,1.4,3.1,1.5,5.4,12.5,15.5,20.9,26.3,13.0,1068
2.1,2.9,4.5,8.6,4.1,7.7,13.8,15.8,12.8,17.3,10.4,1069
0.0,1.5,7.7,8.1,5.0,6.9,16.2,22.4,13.5,11.2,7.3,1070
0.0,0.0,3.5,1.8,3.1,7.4,14.5,25.2,11.2,23.7,9.6,1071
0.0,2.3,5.5,3.4,5.8,6.5,9.8,15.8,20.0,19.1,11.7,1072
1.6,0.9,1.9,5.8,5.5,5.2,10.6,14.9,12.0,19.4,22.3,1073
0.0,0.0,0.0,0.0,0.0,0.0,57.7,42.3,0.0,0.0,0.0,1074
2.0,4.2,4.3,4.6,3.4,9.5,11.7,19.7,13.0,16.6,11.0,1075
1.8,2.9,2.3,2.9,5.3,5.4,12.1,16.6,13.7,18.9,18.2,1077
0.0,0.0,12.7,13.3,0.0,33.6,10.7,3.1,6.8,19.8,0.0,1079
4.3,4.8,2.7,10.8,6.9,8.2,11.9,19.8,18.2,7.5,5.0,1080
1.0,0.4,6.6,9.2,7.5,12.4,10.4,21.4,13.1,9.4,8.5,1081
1.1,5.9,7.0,2.4,6.0,9.0,16.7,18.5,11.3,16.0,6.1,1082
2.6,0.0,4.9,4.8,14.6,15.1,14.8,8.4,21.0,8.5,5.3,1083
0.0,0.0,4.2,9.9,4.2,0.0,18.3,15.5,18.3,14.1,15.5,1084
1.7,2.1,4.0,3.7,5.1,10.8,12.8,18.6,14.5,16.7,10.2,1085
-,-,-,-,-,-,-,-,-,-,-,1086
7.8,0.0,0.0,4.1,0.0,10.6,21.2,33.9,11.8,7.8,2.9,1088
2.5,3.7,5.6,5.9,5.7,11.0,15.1,18.3,10.9,14.4,7.0,1089
0.0,0.0,0.0,3.1,12.1,3.1,10.9,11.9,12.8,25.3,20.8,1092
0.0,0.0,6.2,4.6,1.5,2.3,6.9,25.4,6.2,22.3,24.6,1093
0.0,8.8,21.2,32.1,0.0,0.0,2.6,5.7,19.7,2.6,7.3,1094
1.2,1.8,3.3,2.0,3.5,7.8,8.4,9.4,14.7,26.4,21.6,1095
1.1,3.2,3.0,4.3,3.8,8.2,13.1,15.1,19.9,19.2,9.3,1096
0.0,0.0,0.0,44.0,0.0,12.0,44.0,0.0,0.0,0.0,0.0,1097
3.2,0.0,5.2,3.7,5.2,6.1,8.0,17.1,22.3,17.7,11.4,1098
8.8,15.4,19.6,11.6,4.8,9.4,8.5,9.9,2.0,5.4,4.7,1103
5.3,6.9,14.7,10.0,8.9,11.0,13.3,11.4,9.0,5.9,3.5,1104
8.8,19.9,18.6,9.5,8.0,10.8,10.5,5.2,4.9,1.7,2.3,1105
1.8,1.7,2.5,1.5,2.9,5.6,6.9,12.9,11.1,21.9,31.2,1106
3.4,17.6,13.9,9.7,7.4,12.7,9.2,10.6,7.5,4.5,3.4,1107
6.0,6.4,8.6,9.1,6.9,11.3,13.7,15.4,10.8,7.4,4.3,1108
5.6,8.4,10.9,8.7,5.9,10.3,19.5,14.3,8.0,6.0,2.4,1109
2.8,3.0,7.3,3.3,1.9,7.8,16.2,21.2,12.2,17.3,7.1,1118
2.5,3.7,10.7,4.6,4.7,11.8,12.3,21.0,12.9,11.8,4.1,1119
0.7,0.0,3.6,2.4,5.0,8.3,5.6,26.4,20.7,18.6,8.5,1128
4.9,3.6,4.4,3.2,3.9,5.2,17.5,24.4,11.8,13.6,7.4,1129
3.9,6.0,7.7,11.1,7.1,13.3,16.9,14.7,10.8,6.7,1.8,1151
-,-,-,-,-,-,-,-,-,-,-,1199
3.0,4.2,8.1,7.1,6.3,11.3,13.6,16.5,12.0,10.9,7.0,1201
1.3,2.9,6.1,8.1,4.9,8.3,20.6,19.3,13.4,11.8,3.2,1220
2.2,0.0,1.6,0.0,2.2,18.4,7.0,16.8,23.8,14.1,14.1,1222
0.6,1.3,2.9,3.3,3.9,7.2,12.8,19.0,18.6,17.3,13.0,1223
9.3,0.0,0.0,24.1,0.0,0.0,40.7,25.9,0.0,0.0,0.0,1224
2.8,1.7,3.9,7.1,4.1,7.3,13.4,28.9,12.8,12.6,5.3,1225
5.0,2.0,4.1,2.8,4.8,7.5,18.5,22.5,11.6,9.3,11.9,1226
0.0,9.6,30.8,0.0,0.0,30.8,0.0,9.6,19.2,0.0,0.0,1229
2.5,1.5,4.0,4.9,3.0,8.2,17.5,17.0,13.5,16.1,11.7,1230
0.7,3.5,3.1,1.5,3.7,9.8,17.3,28.0,13.4,10.0,9.0,1235
0.0,0.4,3.2,4.0,6.5,8.4,6.5,20.5,16.0,22.2,12.2,1236
3.3,0.6,0.1,3.3,5.6,6.5,6.2,19.0,17.5,27.3,10.4,1237
2.8,2.4,3.6,4.4,3.7,12.3,7.8,19.6,14.7,17.4,11.3,1238
3.1,3.8,6.7,6.3,2.5,10.6,12.3,16.0,9.5,13.2,16.0,1240
0.0,0.0,0.0,0.0,0.0,7.7,9.6,41.7,28.8,12.2,0.0,1242
3.3,1.1,0.0,7.7,1.6,7.1,6.0,21.9,15.8,24.0,11.5,1243
0.0,16.1,5.4,0.0,16.1,0.0,0.0,14.3,17.9,5.4,25.0,1244
3.6,0.0,3.4,6.8,1.7,8.7,18.0,15.3,12.1,19.7,10.7,1245
3.3,6.8,9.1,7.4,8.0,12.4,13.1,15.5,10.6,9.0,4.7,1247
0.0,0.0,6.0,2.8,3.1,8.8,5.6,29.5,12.5,20.1,11.6,1253
3.0,1.5,0.9,2.6,2.6,6.2,13.0,15.1,6.8,20.9,27.5,1254
1.2,2.4,2.1,2.7,3.3,5.9,13.3,24.9,11.8,18.3,14.2,1255
0.9,1.8,4.9,6.7,12.6,11.3,12.3,16.9,16.0,11.7,4.9,1256
1.7,2.4,3.4,6.9,5.2,15.9,13.9,8.0,15.8,15.3,11.4,1257
1.1,1.1,5.8,2.6,4.8,14.3,8.5,24.9,6.3,13.8,16.9,1258
1.8,3.6,3.2,1.1,0.0,2.5,24.4,19.4,6.1,15.1,22.9,1259
0.0,9.9,0.0,0.0,0.0,11.3,6.6,10.6,5.3,43.0,13.2,1260
1.8,2.1,8.5,4.8,8.5,16.5,9.2,18.6,6.2,11.0,12.8,1262
3.1,0.0,0.0,0.0,9.2,9.2,6.2,21.5,15.4,20.0,15.4,1264
1.3,0.0,6.2,1.1,6.5,5.2,12.2,21.0,13.0,15.6,18.0,1266
2.3,0.5,7.3,3.5,3.6,6.3,9.8,18.2,11.8,17.8,18.9,1267
2.6,3.2,2.9,4.1,5.0,5.3,10.8,17.5,12.3,21.1,15.2,1270
1.8,2.9,8.4,7.5,5.5,11.0,13.6,19.7,13.5,10.2,5.9,1301
0.5,1.4,1.7,3.0,2.7,6.9,14.4,15.8,20.3,21.6,11.7,1330
3.0,3.6,6.3,6.3,5.1,8.6,16.1,17.9,13.6,16.5,3.0,1331
1.3,2.5,4.6,4.0,3.0,5.1,16.7,22.4,15.0,14.7,10.6,1337
8.8,0.0,0.0,0.0,0.0,22.8,8.8,33.3,15.8,10.5,0.0,1338
2.9,1.0,5.6,3.7,8.8,9.8,17.1,17.8,12.3,11.7,9.3,1339
3.8,4.2,5.6,2.2,4.4,7.5,17.7,26.6,10.4,10.5,7.1,1340
0.0,0.4,2.2,1.8,2.8,8.2,8.6,19.7,11.3,22.5,22.5,1341
0.0,0.0,0.0,2.7,5.6,2.3,18.6,8.1,4.9,27.0,30.8,1342
0.0,0.0,0.0,16.7,8.3,0.0,0.0,16.7,41.7,8.3,8.3,1343
2.7,0.9,5.6,3.3,5.0,7.7,15.0,23.4,17.4,13.9,5.0,1344
1.0,7.2,4.1,1.0,4.1,6.2,16.5,22.2,9.8,17.5,10.3,1346
0.0,18.8,0.0,0.0,10.9,0.0,39.1,31.3,0.0,0.0,0.0,1347
0.7,3.3,2.1,10.4,1.9,8.2,8.2,27.8,22.4,9.4,5.6,1349
4.7,2.3,7.0,7.0,16.3,27.9,9.3,9.3,4.7,0.0,11.6,1350
3.6,0.0,3.0,1.5,7.6,2.4,16.9,12.9,16.0,20.9,15.3,1351
0.5,2.6,2.4,3.1,2.7,5.5,14.1,19.4,21.8,18.7,9.1,1354
0.5,0.8,3.8,4.5,4.5,6.5,12.3,22.7,17.4,20.9,6.0,1355
1.5,2.2,5.2,3.0,2.1,5.9,16.7,18.2,15.8,22.9,6.4,1360
2.9,1.7,14.4,7.8,7.8,12.8,10.3,17.6,10.3,12.8,1.6,1364
0.4,0.6,3.7,3.1,6.4,11.0,12.3,18.5,15.4,10.6,17.9,1366
0.8,4.4,2.0,9.2,7.6,14.8,10.8,19.6,14.0,14.0,2.8,1367
2.5,0.0,2.5,4.3,3.9,3.9,20.5,17.4,21.5,19.3,4.1,1368
4.3,2.2,4.0,6.6,7.4,6.9,14.7,16.9,15.3,15.3,6.4,1370
1.7,2.6,1.3,7.6,1.8,7.8,13.0,17.2,19.9,15.3,12.0,1373
2.1,0.9,5.0,6.1,7.1,17.5,5.8,20.1,10.5,14.9,10.0,1375
2.8,5.3,7.4,14.1,8.3,9.1,9.8,17.6,13.2,8.0,4.5,1376
6.6,1.7,6.8,2.3,1.7,15.4,5.7,21.4,17.7,13.1,7.7,1378
2.5,4.8,5.9,6.2,6.5,9.6,20.7,22.4,8.8,7.1,5.4,1379
2.6,4.4,7.5,6.6,7.4,8.8,12.2,17.9,13.1,13.6,6.0,1420
3.4,2.5,1.6,1.3,2.6,3.9,7.7,18.7,16.0,25.9,16.5,1430
0.3,0.8,2.1,1.4,3.0,5.5,9.7,17.4,16.3,27.5,16.0,1431
1.4,0.4,8.5,2.4,2.2,1.5,10.7,19.0,14.0,21.1,18.9,1432
0.0,0.0,0.0,0.0,0.0,0.0,46.1,16.0,5.3,21.4,11.2,1434
1.9,2.1,2.8,12.6,3.9,7.1,7.6,10.5,17.3,25.7,8.3,1436
24.5,0.0,0.0,0.0,0.0,0.0,0.0,43.3,7.8,24.5,0.0,1438
2.8,3.9,10.2,6.1,5.9,8.2,15.6,20.7,11.5,11.6,3.6,1440
1.3,1.3,1.7,3.4,1.0,4.1,6.4,8.5,14.8,22.9,34.5,1450
1.0,0.7,0.6,1.3,2.2,2.7,7.5,5.2,11.7,21.6,45.6,1451
0.0,0.6,6.0,1.8,2.4,3.8,10.8,17.0,22.3,19.6,15.8,1452
2.6,3.2,6.7,6.7,4.8,10.7,11.6,16.6,14.1,14.5,8.4,1453
0.5,1.3,2.8,3.9,5.1,4.5,5.5,13.2,9.6,21.3,32.3,1460
2.4,4.0,3.6,2.2,2.7,4.8,10.8,10.6,13.7,24.3,21.0,1462
2.0,1.1,3.4,2.9,4.1,6.6,9.0,15.4,13.7,23.0,18.7,1463
3.9,0.6,3.7,5.3,6.0,4.2,8.1,21.4,17.3,14.7,14.9,1464
0.0,0.0,0.0,0.0,0.0,6.3,0.0,0.0,24.3,22.2,47.2,1467
3.5,0.0,4.3,4.7,0.8,7.0,16.1,20.4,18.0,16.0,9.2,1468
0.0,3.7,2.7,3.0,0.8,6.4,9.1,19.6,18.4,18.6,17.9,1469
0.0,0.0,3.6,2.3,4.0,3.7,4.5,14.9,20.8,25.1,21.1,1473
3.1,0.0,0.0,0.0,1.6,8.9,6.7,16.4,15.8,18.4,29.1,1474
0.4,1.9,7.5,5.5,4.1,6.7,16.6,14.7,16.1,21.3,5.2,1475
2.2,2.6,3.4,3.1,2.7,8.1,11.5,18.2,13.4,19.8,15.0,1501
0.4,0.4,2.8,2.0,4.0,5.8,7.9,14.7,12.8,20.8,28.3,1503
0.2,2.0,2.5,4.5,2.5,8.6,9.1,20.2,15.1,22.5,12.8,1504
1.9,0.0,1.2,1.7,3.5,5.9,8.5,21.5,10.5,18.8,26.6,1505
1.1,2.3,0.5,6.4,7.0,8.6,16.5,16.8,13.6,11.5,15.7,1506
1.4,1.1,2.4,2.8,2.4,9.4,8.3,15.4,12.1,27.4,17.3,1507
2.7,3.0,3.5,3.7,3.9,9.5,12.7,19.1,15.6,17.2,9.0,1510
0.4,0.6,2.4,4.1,3.1,8.6,8.7,18.9,16.5,19.7,16.9,1515
1.3,0.0,7.6,1.7,1.1,4.7,7.1,16.3,17.4,24.9,17.9,1516
3.6,0.0,8.5,2.8,7.0,8.8,14.0,13.5,5.4,21.2,15.2,1518
2.4,1.5,2.4,1.1,2.4,4.5,6.7,12.2,11.6,22.1,33.0,1519
1.9,1.3,1.5,3.2,2.6,3.4,7.4,15.6,13.4,21.9,27.9,1520
0.7,0.0,0.0,2.1,5.9,8.8,12.7,19.2,16.0,25.2,9.3,1521
1.4,0.0,0.0,2.9,4.1,4.5,7.1,13.9,12.5,37.0,16.6,1522
0.0,0.0,4.1,4.2,2.0,2.4,14.9,11.0,12.5,31.0,17.9,1523
2.3,6.6,5.5,3.8,2.9,7.0,12.8,17.6,12.5,17.8,11.2,1524
0.0,0.0,0.0,0.0,0.0,0.0,0.0,19.6,58.9,21.4,0.0,1525
1.2,2.8,3.1,5.4,2.4,11.4,6.9,18.5,12.6,17.8,17.8,1527
0.5,1.0,3.4,4.4,2.6,5.9,10.1,14.8,11.6,25.8,19.9,1529
0.5,0.0,1.6,2.6,1.8,10.1,7.0,21.0,21.8,20.2,13.5,1531
0.8,0.7,1.3,2.4,1.2,5.4,8.0,13.6,11.7,24.5,30.4,1532
0.9,2.0,4.0,3.8,1.6,7.0,7.0,15.0,11.2,20.1,27.2,1534
1.3,1.6,2.7,2.4,5.8,8.5,12.8,19.7,13.0,26.0,6.2,1535
3.0,0.7,2.3,4.5,5.9,6.3,7.4,12.2,9.7,26.1,21.9,1536
1.6,0.0,3.7,6.0,7.4,7.0,3.0,15.1,26.6,24.7,5.0,1537
1.5,4.1,4.2,4.7,5.5,10.9,12.1,16.8,14.0,15.8,10.3,1540
0.9,3.0,0.6,2.0,0.7,4.5,4.8,16.4,7.8,23.2,36.1,1541
0.0,0.0,0.0,1.3,2.9,5.8,13.5,12.6,22.2,27.9,13.9,1542
0.9,0.5,2.1,0.0,1.6,7.7,10.1,16.8,10.9,26.3,23.2,1543
1.1,1.8,1.5,2.1,2.9,6.8,7.9,12.5,13.6,20.8,29.1,1545
1.5,4.8,6.5,7.1,5.9,10.7,15.2,19.1,14.6,10.5,4.2,1550
4.3,1.0,2.3,2.2,2.5,6.5,12.0,17.3,13.1,18.4,20.5,1560
0.0,0.0,0.0,0.0,0.0,15.5,0.0,42.9,0.0,41.7,0.0,1561
2.3,3.8,5.3,6.8,6.9,5.3,7.5,18.8,13.2,23.6,6.5,1562
0.6,1.2,1.0,3.3,3.1,5.0,4.3,16.2,12.0,19.0,34.3,1564
0.4,1.5,2.0,2.0,3.2,5.5,5.2,16.8,14.1,28.0,21.1,1566
1.4,2.8,0.6,2.0,2.0,8.3,6.1,6.0,13.4,21.7,35.9,1568
1.4,0.0,3.6,3.3,3.3,5.3,8.6,15.6,14.5,24.9,19.5,1569
2.4,2.0,4.9,4.7,8.3,11.8,14.5,21.0,10.9,12.8,6.6,1570
2.3,1.5,4.4,6.8,3.0,9.9,10.0,18.6,11.1,15.1,17.3,1571
1.8,0.6,1.5,1.2,4.1,5.9,5.4,12.3,13.1,21.3,32.9,1581
2.3,1.5,2.1,3.9,2.8,4.9,10.0,24.2,12.7,17.6,18.1,1583
2.1,0.8,1.5,4.1,4.0,18.2,9.6,20.3,14.9,18.1,6.4,1585
1.5,0.9,6.3,6.5,4.3,10.4,10.4,19.1,16.1,12.5,12.0,1588
0.2,1.1,2.4,0.8,0.2,5.4,5.8,14.6,20.0,21.3,28.2,1590
3.2,3.2,5.0,4.3,3.8,8.9,11.1,18.6,13.3,16.7,11.9,1602
5.8,6.2,8.4,6.3,5.7,10.7,12.9,14.5,11.6,12.6,5.4,1603
4.2,5.0,6.2,6.6,6.4,9.5,11.5,20.1,10.8,12.8,6.9,1604
4.8,7.3,11.2,7.1,8.1,11.1,11.6,14.3,10.1,9.5,4.8,1605
1.9,2.5,3.9,4.7,4.0,8.3,12.4,18.8,15.3,18.0,10.2,1606
3.7,5.0,8.1,5.9,3.6,14.3,11.0,22.2,10.7,10.9,4.6,1607
9.7,17.2,18.3,7.2,7.9,13.0,11.5,11.1,1.4,2.7,0.0,1608
7.4,4.9,11.7,6.6,4.6,8.6,11.7,15.2,8.7,9.7,10.8,1609
8.3,8.8,11.0,7.3,6.6,12.6,16.9,13.2,7.6,5.4,2.2,1610
0.0,0.0,4.6,1.0,1.6,10.3,14.1,15.4,14.9,18.7,19.5,1611
0.7,0.0,1.8,3.0,3.4,2.7,8.9,18.3,14.9,16.7,29.6,1612
1.7,0.8,3.1,1.9,2.9,5.1,8.8,13.1,12.2,23.5,26.9,1701
4.6,4.7,7.2,5.6,4.8,9.7,12.5,16.2,9.8,16.0,9.0,1702
0.0,0.0,0.0,0.0,0.0,0.0,8.0,7.5,16.6,21.1,46.7,1718
1.4,0.3,1.6,2.0,2.8,3.9,10.2,17.6,8.4,16.5,35.3,1719
2.1,1.7,2.3,1.6,1.6,4.2,5.1,9.2,10.2,18.3,43.6,1720
1.8,0.6,2.9,2.0,3.0,3.6,8.1,13.4,12.0,19.9,32.9,1721
1.0,1.2,2.4,0.6,1.3,3.6,8.5,11.5,13.1,17.6,39.2,1730
1.2,0.0,0.0,0.0,1.0,15.8,11.0,14.0,16.7,23.3,17.1,1731
0.0,0.4,2.2,1.5,2.3,3.2,3.8,9.0,7.6,19.7,50.3,1740
1.6,1.1,1.0,0.9,0.0,4.4,3.2,7.8,3.5,19.6,56.8,1741
2.8,2.1,2.8,1.2,3.6,1.8,3.0,8.4,6.9,20.3,47.1,1742
0.0,0.0,0.0,10.7,0.0,4.7,11.4,0.0,5.4,49.0,18.8,1745
0.6,1.1,1.7,3.8,2.3,5.1,6.8,9.4,15.2,19.9,34.2,1746
2.1,1.8,2.4,2.7,2.6,7.8,5.6,16.1,9.2,27.7,22.3,1747
1.6,0.6,0.4,2.5,1.0,2.5,6.9,6.6,8.2,22.4,47.3,1748
0.4,1.3,3.0,4.2,3.8,8.3,8.4,16.7,14.6,20.3,18.9,1749
1.4,1.1,3.8,4.0,5.5,6.3,12.8,17.3,14.2,17.6,15.9,1752
2.1,2.4,3.1,5.2,5.2,5.7,10.5,10.7,9.1,21.0,24.9,1754
0.0,0.7,0.6,3.8,1.5,4.6,3.4,12.5,15.2,22.3,35.4,1756
2.5,1.7,3.8,3.4,3.0,7.5,11.7,17.5,13.9,19.3,15.8,1757
1.7,0.7,2.0,2.8,3.0,5.4,8.5,13.2,10.3,19.6,32.6,1760
1.8,0.0,0.0,2.1,1.9,4.7,5.7,6.3,4.9,20.9,51.7,1770
2.3,0.5,1.4,1.3,1.5,4.7,5.4,8.2,8.3,18.5,47.9,1772
1.8,0.6,1.3,1.2,0.8,4.6,5.8,12.6,9.1,15.0,47.2,1773
2.6,0.6,1.7,0.6,1.8,7.8,4.2,8.7,6.7,17.0,48.4,1775
1.6,0.5,0.7,2.9,0.1,3.5,4.0,5.0,10.1,15.4,56.2,1776
1.6,1.8,2.5,1.9,2.9,3.9,4.0,6.3,6.7,16.0,52.5,1778
1.3,1.4,2.8,3.9,4.0,6.7,7.8,17.0,14.3,23.0,17.8,1801
2.3,1.2,1.9,2.7,3.4,4.7,7.5,14.2,16.5,20.8,24.8,1803
1.7,1.9,1.7,1.3,1.8,3.3,6.1,10.8,8.9,17.8,44.7,1810
0.9,0.6,1.7,1.6,2.5,5.2,9.7,14.5,13.1,26.6,23.6,1821
1.5,1.3,2.1,2.4,1.8,4.3,8.5,11.8,11.3,24.2,30.8,1824
1.3,0.7,3.4,4.1,2.2,7.0,9.3,17.0,12.7,22.8,19.5,1826
0.0,1.7,0.0,1.5,2.3,2.8,10.0,8.0,12.0,25.8,35.8,1827
2.0,3.9,6.7,5.0,5.2,8.2,12.2,18.6,13.2,14.4,10.7,1830
2.2,2.1,6.2,5.0,5.7,9.4,9.5,16.9,11.9,16.9,14.3,1832
0.7,1.7,1.9,1.0,0.6,4.6,9.8,12.5,14.1,24.9,28.3,1833
1.6,0.7,2.6,2.4,3.9,2.5,9.9,18.6,12.8,22.6,22.3,1834
1.5,1.7,3.4,3.6,5.1,7.9,10.0,19.9,15.9,21.4,9.5,1835
8.7,13.5,18.4,9.6,7.2,2.6,12.2,13.0,5.4,5.9,3.5,1840
5.9,7.0,10.2,7.5,6.7,13.1,12.9,18.1,9.2,6.5,2.8,1841
5.3,4.8,6.8,6.2,5.3,13.4,15.4,15.0,14.7,9.0,4.0,1843
2.6,2.4,3.8,3.6,3.6,8.1,11.0,16.3,14.6,19.3,14.7,1844
1.5,1.9,2.8,2.8,2.6,5.6,7.8,11.8,12.2,18.3,32.6,1845
7.5,3.7,7.1,7.7,7.1,8.8,13.5,17.6,9.5,13.3,4.2,1850
4.1,3.9,5.2,6.6,5.8,8.8,16.1,15.7,13.1,13.0,7.8,1851
3.0,6.4,8.8,5.5,5.4,9.0,11.6,17.8,10.8,13.3,8.5,1852
5.8,7.8,11.4,5.6,5.7,11.3,8.3,14.4,12.6,12.5,4.5,1854
0.0,0.5,2.8,6.2,3.9,8.7,7.7,17.7,10.4,20.5,21.6,1860
2.0,0.4,1.1,4.0,4.7,6.4,3.3,15.9,11.0,32.2,19.1,1862
0.5,2.3,6.0,2.6,3.7,8.4,8.6,14.8,12.8,16.8,23.5,1863
1.1,1.7,1.3,2.3,2.5,3.0,3.8,13.8,11.9,21.3,37.2,1864
0.4,1.6,2.2,1.8,3.6,5.4,8.0,10.4,10.0,22.9,33.7,1867
2.1,1.2,3.1,4.1,2.6,5.3,7.1,13.5,15.4,25.1,20.5,1876
2.1,1.0,0.6,3.6,1.5,4.7,5.6,17.7,13.6,19.0,30.6,1879
1.1,2.6,1.5,3.2,2.8,4.2,7.7,17.6,13.4,20.1,25.9,1880
0.9,0.4,1.8,1.7,1.9,3.2,6.0,9.9,11.8,20.5,42.1,1886
1.1,1.6,1.0,2.0,4.1,4.0,6.0,14.1,14.0,25.6,26.5,1887
1.0,1.0,1.5,1.6,1.8,3.3,4.9,10.2,7.6,17.3,49.9,1890
5.4,15.0,17.5,4.6,14.8,10.4,9.2,6.3,8.0,8.2,0.6,1901
4.7,7.3,10.9,6.9,4.5,10.1,14.0,17.0,9.9,8.8,5.9,1902
0.4,1.8,1.3,2.5,2.5,6.9,10.1,14.3,17.9,26.2,16.2,1904
3.5,6.1,6.6,4.6,3.9,9.3,12.4,15.6,13.7,15.4,8.8,1905
1.9,2.1,4.4,2.8,2.8,7.7,8.0,16.8,14.8,21.7,17.0,1906
1.3,2.9,3.0,2.2,2.0,7.8,5.0,12.8,11.3,22.7,29.0,1907
1.8,0.0,6.4,2.9,3.6,3.8,14.0,18.8,7.3,16.1,25.4,1908
1.7,2.0,2.7,3.1,2.4,6.4,10.9,20.0,16.5,17.3,16.9,1913
2.2,1.7,6.0,4.5,3.5,8.6,9.3,14.9,13.5,17.1,18.8,1915
0.0,0.0,1.1,1.5,0.5,2.1,6.0,6.8,11.1,19.9,50.9,1921
1.3,5.9,5.5,1.8,1.2,2.3,5.6,21.1,7.5,22.5,25.3,1922
2.3,1.3,3.5,3.4,3.0,7.6,10.4,16.2,14.1,18.9,19.2,1923
3.9,2.2,4.5,0.5,1.3,2.8,10.2,14.5,8.3,26.2,25.7,1929
2.4,2.6,5.6,4.8,5.2,7.7,12.5,16.3,11.8,17.3,13.9,1930
-,-,-,-,-,-,-,-,-,-,-,1937
2.4,0.9,5.8,5.5,2.5,6.6,9.4,15.7,13.5,14.7,23.1,1938
2.0,0.0,1.5,2.9,2.8,5.0,6.1,13.2,11.3,18.2,37.0,1940
2.7,1.5,5.4,1.3,4.8,6.7,6.1,12.7,11.4,13.6,33.7,1944
1.9,2.8,2.4,2.2,2.3,5.3,8.5,10.2,13.0,17.7,33.7,1945
0.4,4.1,3.7,1.0,1.9,9.8,2.3,12.7,11.8,23.2,29.1,1949
2.3,1.6,4.5,3.9,3.3,6.4,6.8,15.8,10.6,16.3,28.6,1950
0.0,0.0,0.7,3.6,4.2,7.5,4.7,18.6,17.2,19.6,23.9,1951
2.9,4.1,4.0,4.8,4.2,7.4,15.1,12.9,15.7,19.3,9.7,1952
2.7,2.6,5.3,4.3,4.5,8.0,10.9,19.0,12.9,17.3,12.5,1960
2.5,1.3,3.2,6.9,4.3,6.9,11.8,17.3,15.2,16.1,14.6,1966
5.8,0.0,1.9,4.4,1.2,4.7,5.8,17.2,15.1,13.8,30.1,1969
3.1,4.1,7.4,5.4,5.4,6.9,9.6,19.0,13.4,16.0,9.8,1970
3.3,1.7,2.1,2.8,3.1,4.1,7.8,11.0,8.6,21.4,34.3,1982
0.0,0.4,2.7,1.7,4.6,2.0,6.1,10.4,12.6,15.0,44.6,1983
0.7,0.0,2.6,4.6,5.0,4.3,4.9,15.8,12.2,12.6,37.2,1984
0.6,2.2,1.2,1.8,2.4,0.5,8.2,10.4,8.1,18.0,46.5,1985
1.8,1.0,1.4,1.7,4.3,4.6,10.7,15.1,14.9,24.2,20.3,2019
1.6,2.3,3.9,4.0,1.4,4.6,7.6,15.3,11.8,18.4,29.1,2021
1.2,1.1,3.0,4.5,2.2,1.1,5.7,8.5,9.9,22.1,40.9,2025
2.2,0.9,3.7,3.9,2.8,6.1,9.4,14.4,12.8,17.4,26.2,2026
0.5,0.0,1.4,0.8,0.4,2.5,4.3,8.2,5.8,17.4,58.6,2030
0.0,1.0,2.1,2.7,7.1,4.3,5.5,10.3,16.8,23.4,27.0,2032
0.7,1.2,2.1,3.9,2.1,6.3,8.5,13.7,15.0,22.5,24.0,2035
1.8,1.3,2.1,2.4,1.6,4.0,7.5,13.1,12.8,20.0,33.2,2038
2.0,2.0,2.5,2.3,2.9,7.0,7.4,8.9,8.3,15.5,41.2,2043
1.6,1.1,2.4,4.9,7.3,9.4,6.6,14.9,15.8,19.8,16.2,2045
0.0,0.0,0.0,0.0,0.0,45.5,54.5,0.0,0.0,0.0,0.0,2047
0.9,0.6,1.3,1.9,2.4,4.4,7.7,14.7,14.8,22.8,28.4,2048
3.8,1.4,3.6,2.8,2.6,6.3,10.3,13.2,11.3,22.4,22.3,2050
1.5,0.7,2.5,1.7,0.6,1.7,6.4,6.8,11.2,17.9,48.9,2052
1.0,1.0,3.2,1.9,3.7,3.0,9.1,9.8,9.2,24.5,33.6,2053
1.2,1.6,0.9,4.2,4.0,3.1,8.8,18.1,9.3,23.7,25.0,2054
1.7,2.5,1.1,2.2,1.2,2.8,5.0,9.1,9.2,19.1,46.1,2056
2.2,0.7,1.5,2.4,0.7,6.1,5.6,14.6,8.6,20.2,37.6,2061
1.6,2.4,4.7,3.5,3.9,5.2,8.5,15.1,14.0,22.9,18.2,2062
1.2,1.6,3.2,2.9,2.6,5.0,6.0,10.8,12.0,19.5,35.2,2066
1.0,0.6,2.1,1.9,0.5,4.9,5.6,9.1,11.5,19.6,43.1,2067
0.0,0.0,0.0,0.0,0.0,9.2,0.0,10.5,25.1,27.0,28.3,2071
2.4,2.0,5.0,4.0,3.8,6.2,11.0,15.6,12.9,21.4,15.9,2072
1.0,0.8,2.6,3.6,2.8,5.0,8.7,13.0,13.6,19.0,29.9,2081
1.0,0.9,1.4,2.7,2.0,3.7,8.3,7.6,9.4,15.4,47.6,2090
1.6,1.8,2.1,2.4,4.2,4.7,7.5,14.5,11.3,19.8,30.2,2093
6.5,1.0,1.1,0.0,0.7,2.1,7.6,10.2,11.7,23.8,35.1,2108
1.9,1.5,6.0,0.3,2.3,5.9,5.6,12.6,8.0,16.9,39.0,2109
1.0,0.0,0.0,1.5,7.6,5.9,7.3,15.1,5.9,19.5,36.1,2110
14.4,3.5,8.3,6.9,7.1,5.3,7.9,10.2,5.8,11.9,18.7,2111
2.1,3.8,2.7,1.7,4.0,4.8,6.3,19.1,13.6,21.5,20.3,2113
5.1,3.4,5.9,4.5,2.3,4.8,6.7,11.5,10.6,16.9,28.3,2114
14.8,9.0,8.4,7.0,4.0,6.7,10.0,12.0,6.4,10.6,11.2,2115
5.1,4.1,5.3,3.2,4.0,4.6,4.2,13.0,6.1,16.0,34.4,2116
6.5,8.3,7.7,4.7,4.1,5.5,7.9,9.6,5.9,11.9,27.8,2118
8.3,11.7,10.7,7.9,6.4,9.3,13.5,13.0,6.0,8.8,4.3,2119
11.5,9.1,11.1,7.3,5.4,10.6,11.1,13.4,7.3,7.5,5.7,2120
11.0,10.6,13.3,6.4,5.9,12.9,9.9,13.0,6.8,7.5,2.7,2121
4.3,6.3,5.8,5.6,4.9,6.6,12.4,16.1,13.0,13.9,11.1,2122
5.4,6.6,8.8,5.0,4.9,7.9,11.3,18.1,9.1,12.9,10.0,2124
7.1,6.2,8.1,4.5,4.5,6.9,12.9,16.2,11.6,11.8,10.2,2125
4.1,5.0,7.9,6.4,6.3,6.7,16.0,17.9,11.7,11.7,6.3,2126
3.0,4.8,7.2,3.2,3.7,5.4,5.9,12.3,10.9,20.2,23.3,2127
3.6,5.3,5.6,5.4,4.5,9.7,13.4,18.1,11.1,15.9,7.3,2128
2.3,6.2,8.0,3.4,3.7,4.0,5.9,9.1,10.3,17.0,30.0,2129
3.8,3.7,6.0,3.4,2.9,5.1,9.1,13.1,14.6,18.5,19.7,2130
3.3,3.5,5.3,5.1,3.5,7.5,9.8,15.6,11.5,18.8,16.1,2131
1.7,1.7,3.2,5.7,3.3,4.0,8.8,13.3,12.6,18.6,27.1,2132
11.4,2.3,7.9,4.3,4.7,10.3,11.1,14.0,10.3,14.3,9.3,2134
7.3,6.6,6.8,2.6,4.5,7.8,9.7,18.4,10.4,15.3,10.6,2135
4.5,3.3,5.0,4.4,3.1,9.5,12.1,19.4,13.0,15.8,9.9,2136
5.3,3.1,3.3,3.2,2.4,4.8,8.1,14.3,13.0,14.7,27.9,2138
2.6,3.4,5.6,3.4,3.1,5.6,7.4,13.8,13.5,19.0,22.5,2139
3.9,3.1,5.7,3.1,3.8,6.8,7.3,12.1,12.0,17.2,24.8,2140
7.3,4.5,7.1,4.7,2.9,5.6,7.6,11.1,11.5,17.7,20.0,2141
8.3,1.7,2.8,1.2,0.4,4.3,6.0,7.2,9.9,17.0,41.1,2142
2.3,3.9,3.7,2.1,2.1,5.0,10.6,15.8,14.8,24.0,15.9,2143
2.4,1.8,3.3,3.9,3.2,5.8,5.9,13.8,13.1,21.6,25.1,2144
1.9,4.3,5.3,4.0,3.9,7.4,12.0,18.0,14.1,17.5,11.6,2145
4.7,4.2,7.6,4.3,4.4,7.3,11.8,17.6,13.6,14.9,9.5,2148
3.6,2.7,3.7,7.0,4.8,11.2,13.4,20.2,13.4,14.1,5.8,2149
3.3,5.5,6.8,6.1,4.6,11.0,13.0,19.7,10.4,12.8,6.8,2150
3.4,4.5,5.4,6.3,4.5,9.8,14.3,17.8,13.4,12.9,7.7,2151
2.6,3.5,5.0,4.3,5.0,8.4,11.3,16.8,13.7,15.0,14.4,2152
2.7,2.3,3.6,4.0,3.7,6.9,8.9,15.5,13.4,19.6,19.4,2155
7.8,5.9,4.1,2.0,11.3,11.1,6.6,21.7,10.0,15.0,4.5,2163
2.2,4.6,5.4,4.7,5.1,9.0,9.7,17.8,13.3,17.0,11.3,2169
2.8,2.4,4.2,3.7,3.0,8.7,9.2,18.5,13.7,17.0,16.9,2170
4.4,2.1,4.9,1.3,6.0,6.7,7.3,18.7,17.1,17.1,14.5,2171
1.8,0.8,2.7,2.8,3.6,5.6,11.2,14.1,13.9,19.1,24.2,2176
1.5,2.2,4.3,3.3,2.8,6.5,11.5,13.1,13.9,19.8,21.2,2180
2.3,2.4,3.1,2.6,3.5,6.7,9.0,13.3,15.1,23.3,18.7,2184
1.2,1.0,2.8,2.7,3.2,5.6,5.5,11.2,7.3,19.7,39.8,2186
1.3,3.7,3.6,4.0,3.6,7.7,10.5,15.6,14.8,19.0,16.3,2188
3.9,1.6,6.4,5.8,4.4,9.5,17.1,16.7,8.4,14.4,11.7,2189
2.7,0.5,2.9,1.6,4.2,8.6,9.3,16.3,17.7,20.2,15.8,2190
0.9,0.8,4.6,2.4,4.7,9.5,11.5,19.6,13.1,20.2,12.7,2191
10.6,0.0,2.2,0.0,1.2,4.1,3.6,19.6,9.1,14.3,35.3,2199
-,-,-,-,-,-,-,-,-,-,-,2203
0.7,0.0,0.6,0.6,1.2,0.6,5.6,8.6,9.7,21.0,51.5,2210
18.6,6.2,7.3,5.1,4.3,6.3,7.6,16.9,8.6,9.5,9.7,2215
4.0,6.2,6.9,6.9,6.4,9.0,14.9,15.3,12.7,11.6,6.2,2301
2.2,3.9,6.1,4.3,4.5,7.7,13.4,19.4,13.9,17.7,6.9,2302
2.7,1.7,2.6,6.3,2.2,5.4,14.8,17.6,12.3,18.9,15.6,2322
2.7,1.7,2.4,3.4,2.1,9.3,8.0,14.2,13.5,21.8,20.9,2324
1.6,2.8,3.4,3.2,3.4,8.1,9.1,17.8,20.2,19.8,10.4,2330
0.9,1.4,1.6,1.7,2.3,5.1,6.1,10.3,11.6,20.9,38.1,2332
0.5,1.5,2.0,0.9,4.0,7.9,11.9,16.4,15.0,21.7,18.3,2333
0.5,1.6,2.8,6.1,4.8,6.9,9.9,19.9,12.9,20.7,13.9,2338
1.1,0.7,1.9,2.7,5.6,5.0,7.3,11.1,11.9,19.9,32.8,2339
0.3,2.3,2.0,1.9,2.7,5.7,5.9,16.5,17.2,22.7,22.9,2341
1.7,0.6,4.0,2.6,3.8,10.7,11.6,22.9,12.8,17.3,12.1,2343
1.5,2.3,2.0,3.4,2.0,6.6,12.1,18.4,15.7,22.9,13.0,2346
1.4,2.2,1.5,1.8,2.8,5.2,9.3,16.1,13.1,23.5,23.1,2347
1.0,1.2,3.2,3.4,3.6,6.7,11.3,18.4,15.9,21.6,14.0,2351
1.6,0.9,2.4,1.5,2.7,4.9,6.6,13.4,12.1,20.6,33.3,2356
0.0,0.0,0.0,0.0,0.0,0.0,0.0,0.0,0.0,0.0,100.0,2357
1.1,0.3,1.3,1.3,2.8,5.4,11.3,15.0,15.0,24.2,22.3,2359
2.0,2.2,3.0,2.9,2.6,6.8,10.0,17.6,14.0,20.2,18.8,2360
2.0,0.9,2.7,3.2,5.7,8.0,6.6,14.2,10.3,26.5,19.9,2364
-,-,-,-,-,-,-,-,-,-,-,2366
0.0,2.5,3.8,2.5,1.0,4.8,5.7,19.2,19.4,26.0,15.2,2367
3.6,3.0,5.5,3.0,3.7,7.1,11.5,19.5,14.4,17.3,11.4,2368
0.8,1.3,1.9,5.3,3.6,10.8,11.5,17.2,15.6,18.7,13.4,2370
0.2,1.0,2.3,1.2,2.7,8.9,9.5,14.7,14.4,22.9,22.2,2375
2.5,1.2,2.3,4.0,2.4,5.0,12.7,16.5,13.8,23.2,16.4,2379
2.6,2.3,3.1,2.2,3.8,7.3,9.4,18.6,17.3,20.5,12.8,2382
1.5,2.0,1.7,1.1,2.2,3.0,5.2,7.3,7.2,16.2,52.4,2420
1.6,1.5,2.4,2.8,1.3,4.6,5.0,7.0,8.9,15.1,49.9,2421
4.2,2.3,2.9,3.2,3.0,4.4,8.0,10.6,9.6,18.9,32.8,2445
6.5,3.4,3.3,2.2,2.9,6.3,6.2,11.1,10.2,20.2,27.7,2446
2.7,1.8,1.9,2.7,3.8,4.3,10.9,13.6,11.5,23.1,23.6,2451
2.7,1.7,1.9,3.1,2.1,8.6,6.9,19.3,12.8,20.4,20.5,2452
4.2,3.2,3.7,3.7,3.3,6.6,9.9,15.2,15.3,19.0,16.0,2453
-,-,-,-,-,-,-,-,-,-,-,2457
2.4,0.8,1.7,1.1,3.4,8.3,7.5,12.3,11.8,14.7,35.9,2458
1.6,1.8,3.0,1.3,2.9,3.0,4.3,8.4,9.1,14.5,50.1,2459
1.8,1.7,1.9,1.1,1.4,5.6,4.5,15.7,10.4,16.8,39.1,2460
1.3,0.3,1.1,1.0,1.8,4.4,5.2,7.4,10.2,14.9,52.4,2461
3.5,1.9,3.7,8.6,3.9,4.7,9.3,6.1,5.1,13.1,40.2,2462
0.6,1.3,2.9,6.4,1.8,7.3,7.0,8.2,16.2,19.9,28.4,2464
0.9,0.2,1.6,2.5,3.1,4.4,5.8,8.9,8.2,19.7,44.6,2465
2.6,1.0,5.1,3.6,2.8,5.4,9.4,8.5,7.7,20.1,33.8,2466
1.7,2.5,2.2,1.9,2.7,3.7,6.8,13.1,11.9,16.8,36.7,2467
1.3,0.0,0.9,0.0,0.0,3.9,2.7,8.2,3.5,14.5,65.0,2468
2.6,1.6,2.7,3.7,1.9,5.2,6.7,16.9,13.1,22.8,22.8,2472
2.5,1.5,3.0,1.9,3.0,4.5,6.5,14.0,13.0,19.9,30.2,2474
2.0,2.0,3.4,2.4,4.2,5.9,5.8,12.1,13.4,18.1,30.5,2476
1.8,1.3,1.5,2.5,2.0,3.8,8.4,14.2,10.3,16.3,37.8,2478
1.5,0.3,1.5,0.9,2.7,2.3,4.1,4.8,7.3,13.9,60.7,2481
1.1,0.7,0.7,3.0,2.1,3.7,3.8,8.3,9.5,13.2,53.9,2482
1.6,1.9,1.7,1.8,1.3,2.5,4.8,8.3,10.1,16.6,49.2,2492
3.5,1.0,2.4,0.8,3.3,3.2,3.2,6.2,3.1,16.6,56.6,2493
3.3,0.5,2.3,1.2,0.5,2.1,5.2,11.3,11.2,16.6,45.9,2494
2.6,0.6,4.6,2.7,5.7,9.5,10.9,16.1,14.9,20.2,12.3,2532
0.0,7.2,0.0,3.9,0.0,0.0,8.6,26.2,24.2,22.6,7.2,2534
2.4,3.2,4.6,8.6,2.2,9.9,5.9,15.4,10.0,17.7,20.1,2535
1.2,1.6,3.4,3.6,5.7,9.2,11.7,18.1,15.3,18.5,11.7,2536
1.1,1.4,1.7,2.0,1.9,3.9,9.8,19.4,12.0,22.9,23.9,2537
1.9,2.4,1.2,6.7,2.8,10.2,13.6,21.4,30.3,6.4,3.2,2538
7.0,0.0,2.7,0.0,3.2,6.2,12.7,22.5,16.1,13.1,16.4,2539
1.9,2.1,6.9,7.3,6.4,10.2,7.8,10.4,14.1,16.7,16.2,2540
0.0,0.0,0.0,7.4,9.1,14.8,20.9,20.0,23.0,2.6,2.2,2542
2.7,0.0,6.1,0.0,0.5,3.9,19.2,18.7,21.6,9.5,18.0,2543
0.0,0.0,0.0,0.0,27.1,0.0,39.6,33.3,0.0,0.0,0.0,2553
1.3,0.8,3.4,1.8,2.4,6.7,7.0,20.1,9.9,24.5,22.1,2554
1.3,0.0,1.3,3.3,1.2,15.4,9.0,16.3,15.7,13.0,23.6,2556
5.4,2.2,4.1,5.6,0.0,13.7,11.2,11.5,13.4,20.4,12.5,2557
0.0,18.8,7.0,7.0,0.0,13.8,7.3,13.5,11.2,8.1,13.5,2558
0.3,0.7,3.9,5.5,7.0,10.3,10.5,10.7,21.5,19.0,10.5,2559
17.4,0.0,0.0,0.0,14.2,0.0,0.0,14.2,42.1,12.1,0.0,2561
1.4,5.5,0.0,3.2,3.7,8.4,7.2,23.3,13.0,21.4,13.0,2562
0.2,1.8,3.9,2.5,1.2,9.4,13.4,15.1,11.5,22.7,18.4,2563
0.0,14.1,0.0,0.0,4.3,0.0,13.0,35.9,7.6,20.7,4.3,2564
0.9,4.4,3.2,6.4,3.6,19.9,15.5,12.9,5.9,13.9,13.3,2568
2.1,4.9,3.3,4.8,5.4,8.7,12.7,23.3,11.2,15.7,7.9,2571
0.0,0.0,3.3,2.2,4.1,8.2,8.8,14.9,20.3,26.7,11.5,2575
3.8,0.0,3.4,5.7,5.1,3.2,7.4,14.1,20.9,21.0,15.3,2576
0.0,0.0,0.0,0.0,0.0,0.0,100.0,0.0,0.0,0.0,0.0,2584
4.7,3.6,9.1,6.8,6.4,10.2,14.8,23.0,10.1,5.2,6.1,2601
5.5,3.4,0.0,1.3,5.7,8.4,6.5,16.5,14.0,21.0,17.7,2630
1.4,2.0,4.8,3.0,5.7,5.9,13.2,18.1,12.5,17.0,16.5,2631
0.7,1.1,4.1,4.4,4.6,6.9,8.8,22.1,15.7,19.4,12.3,2632
3.4,2.0,4.1,8.1,5.8,9.7,8.1,12.9,16.6,13.4,15.8,2633
6.3,0.8,3.4,2.2,5.0,7.4,10.3,22.7,10.3,17.7,14.0,2635
0.0,0.0,0.0,0.0,0.0,0.0,0.0,25.0,0.0,52.1,22.9,2637
1.5,2.9,1.3,6.5,3.7,7.6,11.9,19.0,20.4,10.7,14.4,2638
0.6,4.7,7.9,3.2,7.9,8.8,18.7,20.6,8.3,10.2,9.0,2639
6.5,7.3,0.0,0.0,0.0,0.0,28.2,5.6,12.9,0.0,39.5,2641
0.7,2.6,5.1,2.7,6.1,14.6,11.7,21.4,13.1,14.9,7.1,2642
0.0,0.0,0.0,100.0,0.0,0.0,0.0,0.0,0.0,0.0,0.0,2643
1.8,0.0,2.2,2.4,6.3,4.1,11.3,7.9,19.9,31.1,12.9,2644
0.7,4.5,2.6,4.7,4.0,6.6,9.7,16.2,20.7,16.7,13.6,2645
1.6,0.0,4.5,5.9,8.9,5.8,11.1,25.0,13.1,15.3,8.8,2646
0.0,0.0,0.0,0.0,0.0,9.7,0.0,34.4,26.9,0.0,29.0,2647
1.9,2.2,2.5,1.8,3.8,5.9,12.1,18.9,13.1,28.3,9.5,2648
2.6,1.1,4.0,3.6,4.2,8.5,12.3,15.7,14.6,19.9,13.5,2649
1.3,2.5,1.3,4.8,7.1,9.0,11.3,20.9,9.0,21.9,11.1,2650
0.0,0.0,0.0,0.0,0.0,0.0,0.0,0.0,0.0,0.0,100.0,2651
0.0,0.0,5.4,3.9,0.0,17.6,14.9,30.6,6.4,8.3,13.0,2652
1.8,3.1,10.3,3.9,4.6,10.7,15.8,9.3,14.0,14.8,11.9,2653
1.6,0.9,3.5,8.4,4.3,5.1,10.2,19.2,12.1,12.3,22.5,2655
1.6,4.4,9.2,7.4,7.4,14.6,10.9,15.8,8.0,10.9,9.8,2657
1.7,3.9,4.9,0.0,10.5,11.7,9.8,23.2,2.2,13.9,18.1,2659
1.2,5.0,5.9,5.8,3.7,10.7,13.6,15.5,16.9,15.4,6.4,2660
0.0,0.0,0.0,0.0,0.0,0.0,40.4,42.3,17.3,0.0,0.0,2663
3.3,1.2,6.0,4.1,5.7,7.4,19.3,23.1,12.4,10.9,6.7,2664
5.8,4.4,5.4,2.4,0.0,6.3,7.5,45.0,6.8,11.9,4.4,2666
1.0,3.6,6.0,3.9,13.1,10.3,13.3,17.1,13.0,12.3,6.4,2667
2.7,3.5,0.0,2.2,1.9,3.9,11.2,15.2,12.4,20.5,26.4,2668
0.0,0.0,0.0,0.0,0.0,0.0,0.0,8.0,21.3,45.3,25.3,2669
0.7,5.1,6.1,1.6,5.1,12.3,12.5,20.9,11.3,8.8,15.6,2670
0.0,2.8,12.5,6.9,0.0,11.1,22.8,14.5,8.3,15.4,5.7,2671
0.0,0.0,0.0,0.0,0.0,0.0,0.0,30.2,11.6,0.0,58.1,2672
1.7,1.4,3.8,3.7,4.7,5.9,13.9,23.5,14.4,18.7,8.2,2673
2.5,1.8,3.1,4.5,4.7,6.4,17.2,20.0,12.9,14.6,12.3,2675
0.4,1.9,0.0,2.7,2.1,7.8,6.7,12.1,17.0,26.6,22.8,2702
1.9,2.0,6.5,4.1,3.5,6.4,11.1,17.7,14.1,19.4,13.2,2703
0.0,4.8,0.0,4.8,0.0,23.8,19.0,9.5,0.0,19.0,19.0,2713
2.4,2.7,1.9,0.0,0.0,4.2,13.4,12.7,13.0,24.9,24.8,2715
1.8,0.5,2.4,1.0,2.4,9.9,9.9,14.2,17.2,22.7,17.9,2717
1.6,2.3,1.5,1.4,2.5,9.5,8.8,9.8,24.6,26.6,11.4,2718
2.7,2.6,6.2,7.3,3.6,9.6,10.8,18.2,12.8,14.8,11.1,2719
2.9,4.8,8.0,9.2,5.2,11.1,13.5,16.7,11.9,12.3,4.4,2720
5.7,7.3,11.9,9.8,7.8,10.5,14.8,15.0,7.6,6.9,2.6,2721
3.6,6.5,14.1,8.0,6.9,11.1,17.5,16.6,7.6,5.7,2.5,2723
3.9,6.6,15.0,8.3,5.8,10.9,14.4,15.7,11.8,4.3,3.1,2724
3.4,0.0,7.1,2.8,8.5,5.4,14.8,20.2,16.3,11.4,10.1,2725
1.3,3.4,1.8,3.7,4.9,8.5,11.5,17.5,16.7,20.5,10.2,2726
3.6,0.9,4.5,1.0,1.7,7.5,12.9,17.1,11.1,11.4,28.3,2738
0.5,0.0,3.1,0.0,4.7,4.2,10.7,18.9,14.5,17.9,25.5,2739
4.4,6.5,12.6,8.0,5.7,11.7,13.1,16.1,9.2,9.4,3.2,2740
1.3,1.8,2.6,7.4,3.6,7.8,10.7,17.6,15.1,23.4,8.6,2743
6.6,6.1,11.9,8.7,5.8,13.2,11.8,17.5,8.6,6.6,3.1,2744
3.6,2.7,5.8,5.4,6.9,7.3,15.4,20.6,15.0,12.8,4.6,2745
6.6,6.8,16.2,6.9,7.8,14.4,16.1,10.5,7.6,4.8,2.2,2746
1.8,4.7,5.7,3.1,2.8,7.0,7.7,19.4,15.1,20.4,12.4,2747
1.5,3.0,6.2,6.3,4.6,5.4,13.3,16.9,10.4,13.7,18.9,2748
1.3,0.8,3.1,3.5,2.9,6.4,11.0,14.9,16.0,21.2,18.9,2760
1.3,1.3,4.3,2.0,2.6,6.4,6.6,16.4,15.1,25.0,19.0,2762
0.0,1.3,0.0,3.6,0.0,12.1,13.4,7.1,8.0,19.9,34.7,2763
0.0,1.3,3.0,4.5,0.9,14.4,8.9,10.8,16.3,21.5,18.4,2764
2.0,1.1,2.3,1.3,3.3,6.0,7.5,15.4,12.6,27.0,21.4,2766
0.9,1.0,2.6,4.9,4.8,6.0,7.9,13.4,14.7,23.4,20.3,2767
1.4,0.8,0.4,1.1,2.4,7.0,7.3,17.0,17.9,22.8,21.8,2769
0.0,1.4,0.8,1.7,1.1,5.6,7.8,17.3,11.8,21.9,30.6,2770
0.6,1.5,4.2,2.9,2.0,4.2,11.0,18.8,15.7,21.7,17.4,2771
2.2,1.5,2.3,5.0,5.2,5.4,10.2,16.7,16.1,25.1,10.3,2777
2.9,2.6,0.7,1.3,0.7,6.2,6.4,17.0,17.6,22.0,22.6,2779
3.5,4.3,7.0,4.4,5.7,8.3,14.7,18.5,12.8,12.9,7.9,2780
0.7,2.0,4.1,3.3,5.4,8.1,7.7,16.0,15.2,21.7,15.6,2790
0.0,18.7,0.0,0.0,0.0,5.2,0.0,24.5,10.3,22.6,18.7,2791
0.0,0.0,0.0,0.0,0.0,32.5,31.5,6.8,8.4,10.5,10.3,2802
1.8,0.0,2.4,0.0,1.4,1.2,20.4,24.5,17.4,21.2,9.7,2804
1.7,1.2,0.9,1.9,1.7,8.1,6.0,10.5,11.3,20.6,36.0,2806
0.0,2.5,3.1,0.0,9.4,11.6,10.7,15.6,11.2,23.0,12.9,2807
2.0,3.4,0.0,0.0,5.2,3.9,12.3,31.1,25.7,10.6,5.8,2808
3.8,1.8,6.5,4.3,3.6,6.5,10.1,20.4,13.3,17.2,12.5,2809
0.0,0.0,2.3,2.5,0.0,3.2,8.6,2.5,22.7,30.4,27.9,2812
1.5,1.2,3.4,3.9,3.6,5.5,11.9,21.5,17.3,18.6,11.5,2813
0.7,3.0,4.3,1.8,3.4,7.5,6.0,10.7,18.1,28.9,15.6,2814
0.0,0.0,0.0,0.0,0.0,0.0,0.0,18.8,0.0,17.6,63.5,2815
1.9,2.0,3.5,3.5,5.3,8.3,14.4,17.9,13.5,19.2,10.7,2816
1.4,0.0,0.0,0.3,0.0,10.6,10.6,17.2,16.0,30.3,13.6,2817
1.7,2.7,1.6,1.9,5.6,7.3,8.1,13.2,11.0,17.7,29.0,2818
3.1,3.1,3.9,3.4,0.7,5.2,8.6,18.0,17.7,18.2,18.2,2822
1.1,0.8,3.2,2.0,0.7,10.2,6.9,19.7,17.7,17.9,19.8,2825
3.8,0.0,3.8,0.0,5.2,31.6,0.0,21.3,19.9,8.2,6.2,2826
0.0,1.3,1.1,3.6,4.0,8.7,5.8,19.4,11.5,25.3,19.5,2827
0.6,3.1,1.3,2.7,5.3,9.7,11.7,15.6,13.9,19.6,16.5,2828
3.2,0.6,5.8,8.2,4.8,8.5,8.5,15.8,16.7,13.3,14.7,2830
0.9,0.0,1.8,2.3,3.0,4.1,7.8,17.4,22.5,13.1,27.0,2831
0.0,0.4,5.5,1.7,6.1,10.5,9.9,14.6,16.2,23.2,11.9,2832
0.0,0.0,15.3,0.0,5.3,13.2,9.7,0.9,29.1,11.8,14.7,2833
4.8,0.6,0.5,3.6,0.6,3.0,6.8,13.7,14.9,24.4,27.2,2835
0.0,0.0,0.0,0.0,0.0,0.0,0.0,21.7,51.8,26.5,0.0,2836
2.6,4.3,4.0,0.4,5.3,10.3,9.7,14.0,11.2,19.3,18.7,2837
0.0,6.1,4.1,6.8,5.7,4.9,16.9,21.7,14.8,10.2,8.7,2838
2.1,3.4,5.0,1.8,4.4,8.4,19.8,13.6,17.7,16.8,7.1,2839
3.9,4.0,6.4,6.6,3.0,9.0,10.3,15.6,13.1,16.8,11.5,2840
-,-,-,-,-,-,-,-,-,-,-,2841
3.8,1.2,4.1,3.2,3.9,9.3,13.8,19.8,13.6,16.1,11.2,2842
1.4,3.4,4.1,4.0,3.3,4.0,9.9,17.3,14.2,21.0,17.3,2852
2.0,0.2,4.1,4.0,4.0,5.3,8.6,17.4,11.6,23.4,19.5,2857
0.0,0.0,0.0,0.0,0.0,29.6,0.0,7.0,16.4,15.5,31.5,2858
2.1,3.3,1.8,3.3,7.3,8.3,11.3,18.7,15.9,21.0,7.0,2859
4.0,6.9,10.5,7.0,7.5,10.9,15.5,15.6,10.3,7.7,4.1,2860
2.7,3.1,4.3,4.6,5.4,9.0,15.6,24.1,15.4,10.5,5.3,2861
5.9,9.9,9.5,7.1,11.3,17.3,12.1,13.8,6.5,4.5,2.3,2863
2.1,2.5,5.6,4.4,3.4,6.9,8.1,13.8,18.5,18.1,16.6,2864
1.0,1.9,6.1,2.1,3.4,8.6,12.2,15.8,12.2,16.3,20.5,2865
1.2,3.3,3.4,3.0,3.2,6.1,9.0,15.5,11.7,17.1,26.5,2871
0.0,0.0,0.0,0.0,0.0,22.3,28.1,0.0,0.0,39.7,9.9,2872
0.0,0.0,0.0,0.0,0.0,12.5,0.0,55.0,0.0,15.6,16.9,2873
1.4,0.0,0.5,0.0,2.3,3.3,8.5,11.9,8.2,25.3,38.6,2874
0.0,0.0,0.0,6.4,0.0,0.0,0.0,8.0,49.7,0.0,35.8,2875
0.0,10.5,0.0,14.3,0.0,14.3,13.5,13.5,33.8,0.0,0.0,2876
1.0,4.1,3.1,4.4,3.4,6.1,12.4,17.6,15.5,16.4,16.1,2878
1.0,3.2,4.5,4.4,4.6,7.1,10.2,15.8,10.6,21.4,17.1,2879
11.8,4.8,4.8,4.1,1.7,9.1,6.4,11.0,11.6,13.4,21.4,2881
4.8,3.2,5.2,2.8,3.4,10.5,10.6,14.0,9.8,17.2,18.6,2882
2.3,3.0,6.1,4.4,8.0,10.9,14.0,18.4,7.7,14.7,10.4,2885
2.8,4.3,5.6,5.0,4.8,5.4,10.4,16.2,13.9,21.1,10.5,2886
2.4,2.9,4.0,3.6,5.1,10.2,13.2,18.1,15.0,15.7,9.8,2888
1.3,2.9,3.7,5.8,3.7,7.2,12.1,18.8,17.1,18.3,9.1,2889
2.5,2.5,4.4,3.8,8.2,8.2,12.3,18.9,12.0,14.7,12.4,2891
0.0,0.4,2.1,1.3,0.6,8.3,14.3,13.4,19.5,18.1,21.9,2892
3.7,5.1,5.5,6.4,4.3,9.3,13.6,18.6,13.8,13.9,5.8,2893
0.0,5.1,10.5,0.0,0.0,0.0,4.2,13.2,39.0,6.0,21.9,2894
6.4,7.4,8.5,8.1,5.6,11.4,13.9,15.7,9.0,10.5,3.7,2895
0.8,3.0,3.1,3.5,1.7,7.5,8.7,17.6,14.0,19.6,20.5,2896
0.0,0.0,0.0,0.0,0.0,9.6,6.3,25.0,28.9,24.4,5.7,2898
15.8,13.1,9.3,4.5,3.2,7.7,11.0,11.7,5.4,6.9,11.4,2903
8.2,7.6,9.4,3.5,6.3,11.2,15.5,12.4,9.3,10.3,6.3,2904
6.2,8.4,7.1,6.6,5.1,12.5,11.5,15.3,9.4,10.4,7.5,2905
4.2,3.7,4.4,3.3,5.1,7.1,9.0,14.9,11.4,13.6,23.2,2906
5.6,7.9,11.6,8.9,6.9,11.0,13.9,15.6,8.9,6.9,2.7,2907
4.6,7.1,5.7,4.9,5.4,13.9,13.2,17.8,11.3,10.0,6.1,2908
9.7,10.1,8.5,7.4,6.3,10.8,13.5,15.1,8.7,7.4,2.5,2909
1.3,2.4,4.9,4.4,3.4,10.6,12.8,22.5,17.0,17.2,3.6,2910
1.9,4.5,5.2,4.3,5.3,8.0,14.5,21.8,14.0,14.8,5.8,2911
-,-,-,-,-,-,-,-,-,-,-,2912
2.5,5.0,8.8,6.1,4.7,10.1,15.7,20.7,10.7,11.2,4.5,2914
3.5,4.7,4.0,6.3,3.7,9.0,15.4,17.6,15.7,13.3,6.8,2915
1.1,2.3,4.1,3.1,6.5,11.1,11.2,15.9,13.1,18.1,13.6,2916
1.5,1.8,3.4,5.6,2.3,7.4,6.3,21.4,14.8,14.6,21.0,2917
2.4,3.2,5.3,4.1,4.4,10.3,15.0,15.0,13.4,17.5,9.5,2919
2.5,4.1,5.3,4.6,6.5,9.7,14.9,17.4,14.1,13.2,7.6,2920
0.9,1.4,2.7,2.4,5.6,4.7,8.8,11.5,12.3,21.5,28.3,2921
0.5,1.1,0.2,1.2,2.4,4.4,8.8,9.1,13.4,24.5,34.4,3031
1.8,0.5,0.9,1.5,0.9,2.6,10.6,10.7,12.5,35.0,23.1,3032
0.0,1.6,0.0,0.0,0.8,3.0,5.4,12.0,15.7,27.7,33.8,3033
1.8,0.9,1.0,0.6,2.5,8.8,7.0,15.4,17.2,17.4,27.3,3034
1.3,0.0,1.5,0.0,2.7,2.1,3.3,13.9,13.9,27.2,34.2,3036
0.5,1.3,2.5,0.5,0.7,6.1,9.4,14.2,24.9,27.2,12.6,3037
0.6,1.4,3.3,4.2,2.6,7.5,14.8,22.1,14.0,18.2,11.5,3038
0.6,0.0,1.6,5.5,5.5,3.9,11.0,23.2,7.7,27.3,13.6,3042
1.1,1.1,2.5,4.4,2.8,5.6,7.2,18.6,11.5,27.9,17.2,3043
0.7,1.8,1.5,1.0,0.3,2.5,10.3,21.1,18.7,21.4,20.7,3044
2.6,1.7,3.5,0.7,2.3,6.2,12.9,16.6,15.3,20.9,17.3,3045
0.0,0.9,0.6,0.0,3.0,6.9,11.1,16.6,17.5,21.9,21.6,3046
